0.0105246408641
0.000801617075431
0.00205090733756
0.0307193954338
0.0067239889385
0.00263045830654
0.00059151640874
0.00186893381996
9.34958891058e-05
0.000529268500043
0.00252546950174
0.00628129218501
0.000140464752178
0.00455506321178
0.000443006202433
0.00186580054493
0.000919665951665
0.000726275898967
0.00114944475979
0.000149683394385
0.00015551824395
0.0126671972101
0.00171906427993
0.00494866805767
0.000446554099455
0.00697987603994
0.000846162452946
0.00449609526154
0.001316841563
7.45420710201e-05
6.07465058291e-05
0.00138753662816
0.00111345983717
0.00640124665087
0.00281416799292
0.0138707248859
0.00661524199066
0.00516922718283
0.0102259735882
1.1607484676e-07
0.00924590208438
0.00349802869531
0.00362055609159
0.000700066150726
0.00388829008943
3.79199799013e-05
0.00261928768983
0.000877899339168
0.000884750479515
8.56215902937e-05
0.0089226446175
0.00221452223714
0.00816102897074
0.000166642248058
0.0028377436167
0.00565434817974
0.00110727911031
0.00374305184538
7.68321639114e-05
0.00355970030785
0.000939696624663
0.000389774934756
0.000186714569795
0.0123994995036
0.000108457188989
0.00537955984074
0.00117268665943
0.00139312829329
0.00812915854109
0.000155451160636
0.00807632418994
2.48358406853e-05
0.00181661194286
0.0028449578305
0.00196189074255
0.000654554867753
6.70624373813e-06
0.0038095841964
0.000274507579215
0.00270564610557
0.00531391374213
0.00414238699206
1.60781514019e-05
0.0147552648685
0.00661359568565
0.000620562025254
3.87292840104e-05
0.000436375759369
0.00686921177985
0.00202987454716
0.00207822738018
0.0057623860863
0.00157343173183
5.06899102444e-05
0.00233427313707
0.000343452685107
0.0157740137377
5.76723644949e-07
1.54512112364e-06
0.00113825134222
0.000416037593853
0.00158333418199
0.000891619047919
0.00301074274678
0.000697772396718
0.00126468667728
0.00319977049148
0.0105980319065
0.000687922596809
0.000380801064046
0.00343790603133
0.00203162669323
0.00128471901953
0.00203146105533
0.00467574308564
7.45513738862e-06
8.38142513426e-06
0.00531377071163
4.16511791666e-06
0.00928602190254
0.00688240706855
0.000239983288711
0.0091640039094
0.00574287278615
0.00419203889314
0.000398465413759
0.0136754626793
0.00332073359518
0.000653127329911
0.00276329351818
0.00572602954646
4.38133547307e-05
8.09072703236e-05
0.00203660884491
0.00340970018718
0.000135906516993
0.000478547530804
0.0134441944656
3.14165978355e-05
0.00701634841475
0.00185394617986
0.00343521077773
0.000427887606352
0.00495606414553
0.00340901438205
0.000139067369028
0.000448013285723
0.00452137930947
0.0101983339741
0.00590506179343
4.39794188978e-05
0.00130222532265
0.000130728907583
0.0130892613468
0.00106090990109
0.00760013590275
0.00287403424214
0.000694804702035
0.0062660288393
0.0349862692883
0.00126899492794
0.00200562673225
0.00274425888684
0.000169399276396
0.0010235297221
0.00290967700639
0.000749365864431
0.000486674844761
8.17917210764e-06
0.0208421142528
0.0037352133477
0.000849154599652
0.0169971269207
0.000145177605743
7.85303980437e-06
0.000771463841182
0.0101720513976
0.00164929191339
2.69076616348e-06
0.00461112514602
0.000449648915744
0.0039062128892
4.31917146352e-05
0.00170108870827
0.0122203726809
6.91519866896e-06
0.00302806481915
0.0442012250384
0.010721820164
0.000197388444198
0.00138926709194
0.000117843105365
0.0034527122997
0.00383059942736
0.0163873944083
3.46697616248e-05
0.000311363928389
0.00086555770165
0.00877662886967
0.0029554726589
0.0176813330597
0.000319545921549
0.00235932690265
0.014048908618
0.00588965841114
0.00402320718978
0.00108548026937
0.00139978267322
0.000216949978306
0.0010487034044
0.000405505917122
0.00233481930976
0.0039792905802
0.00749032757173
0.0035169634432
0.00340755497237
0.000479017866409
0.000199446251919
0.000234385080391
0.00079435880056
0.00242753866541
0.0238249251511
0.00572780209709
6.31671938133e-05
0.000879622004692
0.00714228213356
0.00133464708251
0.000314358417516
0.00989539497144
0.0493201564423
0.00523599659483
0.000865677582654
0.00767107542246
0.00147199764914
0.000288097120604
0.00437398096588
0.000773335653209
0.00106615452092
3.04934853689e-05
0.00243495208721
0.00139206335927
0.00457495159602
1.20196350191e-05
0.000424153835253
0.000720381605508
0.00147732928971
0.00227074497162
0.00280137991385
0.0248778736108
0.000238887517015
8.73934205135e-06
0.000547198426837
0.00160840847292
0.00264381175972
0.000185188693025