0.00803480400846
1.62158448724e-06
0.00278921981365
0.0350328622711
0.00811573688764
0.00390543019915
0.00119645661356
0.00124406583999
0.000165836216645
0.000282014876676
0.00220465058861
0.00606933766529
0.000302051879518
0.00758887919496
0.000346169824081
0.00105109581364
0.000269158111971
0.000763820036083
9.90985429952e-05
0.000330521449739
0.000576718849966
0.0124817530316
0.00307246657205
0.00484030015209
0.000176974212909
0.00948150907739
0.000554650228248
0.0038359966769
0.000837716918234
0.000139182279554
0.000306222267112
0.00179327854999
0.00231445962509
0.00823340327916
0.00272151908569
0.0129389230091
0.00696611007082
0.00569026014052
0.0111245866592
0.00012395267907
0.010582620756
0.000913083675521
0.00210966325359
0.000572727556284
0.00393328358373
3.65265624701e-06
0.00287856465112
0.00148839275253
0.000777355691493
7.17530725599e-05
0.0106985456633
0.00329816568767
0.00944738476731
1.84957515696e-06
0.00313692978249
0.0067626568951
0.000871314381297
0.0021305626335
0.000230998227053
0.00294093598071
0.000482513875017
0.000649864218169
0.000158561756155
0.0123449937309
0.000392320852517
0.00381319672163
0.00208223160891
0.00244550398535
0.00693760843238
7.3279421944e-06
0.00555453355044
2.03180503801e-05
0.00149307776882
0.00456277023246
0.00390154833797
0.000804309762315
6.80269847839e-05
0.00121734624852
3.93861623072e-05
0.0019430135492
0.00555040218123
0.0041536789135
4.11226092233e-05
0.0152813185651
0.0091793810019
0.000347915510102
0.000330825978008
2.29720942839e-06
0.0043892273403
0.000753614600053
0.00157204527173
0.00470021622921
0.000579975155418
4.29540759846e-05
0.00294913506771
0.000163279889884
0.0162969464433
0.000100535925871
1.8691134694e-06
0.000584294112902
0.000517281476598
0.00155280830979
0.00122334451668
0.00486155454075
6.05843463468e-05
0.000297224112848
0.00212499094874
0.0076577053211
0.00048887067992
0.000241137072752
0.00430304457303
0.00187087719837
0.00158455599625
0.00310949316973
0.00573045619173
1.19856318866e-05
0.000146622254717
0.00362839473407
0.000135708193751
0.00673049193627
0.00639699807209
0.000707953987976
0.0096792922676
0.00633492087561
0.00465241406182
0.00015021251981
0.01514544503
0.00202773732212
0.000963784365015
0.00185728674304
0.00585069348099
3.44442062481e-06
0.000386116181825
0.00218124798514
0.00313179774176
0.000178535622045
0.000283450633784
0.018231946778
0.000267086256057
0.00657857668779
0.00103830006064
0.00167497830324
5.503516873e-05
0.00531774087915
0.00405299628896
0.000102586950866
1.38540863609e-05
0.00441152597864
0.0118541410724
0.00640425261035
8.34836906819e-05
0.00129898488314
3.13697201761e-05
0.0141195596057
0.00190882555975
0.00830632268635
0.00221049247328
0.000318023356201
0.00681341515812
0.0334362651029
0.00082592807336
0.00228496074556
0.000582142528309
0.00051991900235
0.000663455570135
0.00225882818894
3.95031087013e-07
0.000462965467592
0.000268970509454
0.0232314815475
0.00217203812841
0.000445632124393
0.0158724022782
1.76498602467e-05
4.99475733833e-05
0.000107031839168
0.013506999543
0.00101294064179
2.85914289777e-05
0.00389529334081
1.46939194553e-05
0.003841939321
3.86884880807e-05
0.00110620086542
0.0118088145891
5.90244412292e-07
0.00192255234742
0.0471315720021
0.0148513457135
0.000381879506126
0.00135407360059
3.17690748318e-05
0.00377118667154
0.00367300475568
0.0171974992216
2.39988097732e-06
0.000114797551575
0.000413320149111
0.00808751062747
0.00301414988801
0.01207820241
0.00124157392045
0.00103452672551
0.0109227861807
0.00604921128818
0.00623033854237
0.00201087973447
0.000874115030054
0.00031639825472
0.000615225332904
0.00144942820414
0.00343357923723
0.00275076245035
0.00582405210575
0.00232534451321
0.00408541027431
0.000862799505013
1.91393991272e-05
0.00092977158892
0.000520642615067
0.000698361893172
0.0206034175764
0.00881608686096
1.57200249583e-05
0.000482947886844
0.00805924496904
0.00257613231421
0.000771884461881
0.00932448698973
0.0472936557446
0.0115508306694
0.00176060451006
0.00703710818481
0.00049238055524
3.56151355319e-05
0.00413710039035
0.000387409266454
0.000540461707427
1.44192826167e-05
0.00226056756805
0.00143105759366
0.00430896040277
4.59688683619e-05
0.00121693051879
0.000313804530132
0.00153157404344
0.00263732874118
0.00212756951388
0.0249723742007
4.61164025985e-05
7.41552599962e-07
0.000272760723178
0.000393711443993
0.00165998102311
0.000111964432389